0
1
01
11
001
101
011
111
0001
1001
0101
1101
0011
1011
0111
1111
00001
10001
01001
11001
00101
10101
01101
11101
00011
10011
01011
11011
00111
10111
01111
11111
000001
100001
010001
110001
001001
101001
011001
111001
000101
100101
010101
110101
001101
101101
011101
111101
000011
100011
010011
110011
001011
101011
011011
111011
000111
100111
010111
110111
001111
101111
011111
111111
0000001
1000001
0100001
1100001
0010001
1010001
0110001
1110001
0001001
1001001
0101001
1101001
0011001
1011001
0111001
1111001
0000101
1000101
0100101
1100101
0010101
1010101
0110101
1110101
0001101
1001101
0101101
1101101
0011101
1011101
0111101
1111101
0000011
1000011
0100011
1100011
0010011
1010011
0110011
1110011
0001011
1001011
0101011
1101011
0011011
1011011
0111011
1111011
0000111
1000111
0100111
1100111
0010111
1010111
0110111
1110111
0001111
1001111
0101111
1101111
0011111
1011111
0111111
1111111
00000001
10000001
01000001
11000001
00100001
10100001
01100001
11100001
00010001
10010001
01010001
11010001
00110001
10110001
01110001
11110001
00001001
10001001
01001001
11001001
00101001
10101001
01101001
11101001
00011001
10011001
01011001
11011001
00111001
10111001
01111001
11111001
00000101
10000101
01000101
11000101
00100101
10100101
01100101
11100101
00010101
10010101
01010101
11010101
00110101
10110101
01110101
11110101
00001101
10001101
01001101
11001101
00101101
10101101
01101101
11101101
00011101
10011101
01011101
11011101
00111101
10111101
01111101
11111101
00000011
10000011
01000011
11000011
00100011
10100011
01100011
11100011
00010011
10010011
01010011
11010011
00110011
10110011
01110011
11110011
00001011
10001011
01001011
11001011
00101011
10101011
01101011
11101011
00011011
10011011
01011011
11011011
00111011
10111011
01111011
11111011
00000111
10000111
01000111
11000111
00100111
10100111
01100111
11100111
00010111
10010111
01010111
11010111
00110111
10110111
01110111
11110111
00001111
10001111
01001111
11001111
00101111
10101111
01101111
11101111
00011111
10011111
01011111
11011111
00111111
10111111
01111111
11111111
000000001
100000001
010000001
110000001
001000001
101000001
011000001
111000001
000100001
100100001
010100001
110100001
001100001
101100001
011100001
111100001
000010001
100010001
010010001
110010001
001010001
101010001
011010001
111010001
000110001
100110001
010110001
110110001
001110001
101110001
011110001
111110001
000001001
100001001
010001001
110001001
001001001
101001001
011001001
111001001
000101001
100101001
010101001
110101001
001101001
101101001
011101001
111101001
000011001
100011001
010011001
110011001
001011001
101011001
011011001
111011001
000111001
100111001
010111001
110111001
001111001
101111001
011111001
111111001
000000101
100000101
010000101
110000101
001000101
101000101
011000101
111000101
000100101
100100101
010100101
110100101
001100101
101100101
011100101
111100101
000010101
100010101
010010101
110010101
001010101
101010101
011010101
111010101
000110101
100110101
010110101
110110101
001110101
101110101
011110101
111110101
000001101
100001101
010001101
110001101
001001101
101001101
011001101
111001101
000101101
100101101
010101101
110101101
001101101
101101101
011101101
111101101
000011101
100011101
010011101
110011101
001011101
101011101
011011101
111011101
000111101
100111101
010111101
110111101
001111101
101111101
011111101
111111101
000000011
100000011
010000011
110000011
001000011
101000011
011000011
111000011
000100011
100100011
010100011
110100011
001100011
101100011
011100011
111100011
000010011
100010011
010010011
110010011
001010011
101010011
011010011
111010011
000110011
100110011
010110011
110110011
001110011
101110011
011110011
111110011
000001011
100001011
010001011
110001011
001001011
101001011
011001011
111001011
000101011
100101011
010101011
110101011
001101011
101101011
011101011
111101011
000011011
100011011
010011011
110011011
001011011
101011011
011011011
111011011
000111011
100111011
010111011
110111011
001111011
101111011
011111011
111111011
000000111
100000111
010000111
110000111
001000111
101000111
011000111
111000111
000100111
100100111
010100111
110100111
001100111
101100111
011100111
111100111
000010111
100010111
010010111
110010111
001010111
101010111
011010111
111010111
000110111
100110111
010110111
110110111
001110111
101110111
011110111
111110111
000001111
100001111
010001111
110001111
001001111
101001111
011001111
111001111
000101111
100101111
010101111
110101111
001101111
101101111
011101111
111101111
000011111
100011111
010011111
110011111
001011111
101011111
011011111
111011111
000111111
100111111
010111111
110111111
001111111
101111111
011111111
111111111
